01
00
02
00
05
11
12
13
15
18
14
16
04
08
09
06
07
07
09
07
08
07
06
08
07
12
13
18
22
17
16
14
11
12
13
16
15
19
20
01
00
02
00
05
11
12
13
15
18
14
16
04
08
09
06
07
07
09
07
08
07
06
08
07
12
13
18
22
17
16
14
11
12
13
16
15
19
20
01
00
02
00
05
11
12
13
15
18
14
16
04
08
09
06
07
07
09
07
08
07
06
08
07
12
13
18
22
17
16
14
11
12
13
16
15
19
20
01
00
02
00
05
11
12
13
15
18
14
16
04
08
09
06
07
07
09
07
08
07
06
08
07
12
13
18
22
17
16
14
11
12
13
16
15
19
20
01
00
02
00
05
11
12
13
15
18
14
16
04
08
09
06
07
07
09
07
08
07
06
08
07
12
13
18
22
17
16
14
11
12
13
16
15
19
20
01
00
02
00
05
11
12
13
15
18
14
16
04
08
09
06
07
07
09
07
08
07
06
08
07
12
13
18
22
17
16
14
11
12
13
16
15
19
20
01
00
02
00
05
11
12
13
15
18
14
16
04
08
09
06
07
07
09
07
08
07
06
08
07
12
13
18
22
17
16
14
11
12
13
16
15
19
20
01
00
02
00
05
11
12
13
15
18
14
16
04
08
09
06
07
07
09
07
08
07
06
08
07
12
13
18
22
17
16
14
11
12
13
16
15
19
20
01
00
02
00
05
11
12
13
15
18
14
16
04
08
09
06
07
07
09
07
08
07
06
08
07
12
13
18
22
17
16
14
11
12
13
16
15
19
20
01
00
02
00
05
11
12
13
15
18
14
16
04
08
09
06
07
07
09
07
08
07
06
08
07
12
13
18
22
17
16
14
11
12
13
16
15
19
20
01
00
02
00
05
11
12
13
15
18
14
16
04
08
09
06
07
07
09
07
08
07
06
08
07
12
13
18
22
17
16
14
11
12
13
16
15
19
20
01
00
02
00
05
11
12
13
15
18
14
16
04
08
09
06
07
07
09
07
08
07
06
08
07
12
13
18
22
17
16
14
11
12
13
16
15
19
20
01
00
02
00
05
11
12
13
15
18
14
16
04
08
09
06
07
07
09
07
08
07
06
08
07
12
13
18
22
17
16
14
11
12
13
16
15
19
20
01
00
02
00
05
11
12
13
15
18
14
16
04
08
09
06
07
07
09
07
08
07
06
08
07
12
13
18
22
17
16
14
11
12
13
16
15
19
20
01
00
02
00
05
11
12
13
15
18
14
16
04
08
09
06
07
07
09
07
08
07
06
08
07
12
13
18
22
17
16
14
11
12
13
16
15
19
20
01
00
02
00
05
11
12
13
15
18
14
16
04
08
09
06
07
07
09
07
08
07
06
08
07
12
13
18
22
17
16
14
11
12
13
16
15
19
20
01
00
02
00
05
11
12
13
15
18
14
16
04
08
09
06
07
07
09
07
08
07
06
08
07
12
13
18
22
17
16
14
11
12
13
16
15
19
20
01
00
02
00
05
11
12
13
15
18
14
16
04
08
09
06
07
07
09
07
08
07
06
08
07
12
13
18
22
17
16
14
11
12
13
16
15
19
20
01
00
02
00
05
11
12
13
15
18
14
16
04
08
09
06
07
07
09
07
08
07
06
08
07
12
13
18
22
17
16
14
11
12
13
16
15
19
20
01
00
02
00
05
11
12
13
15
18
14
16
04
08
09
06
07
07
09
07
08
07
06
08
07
12
13
18
22
17
16
14
11
12
13
16
15
19
20
01
00
02
00
05
11
12
13
15
18
14
16
04
08
09
06
07
07
09
07
08
07
06
08
07
12
13
18
22
17
16
14
11
12
13
16
15
19
20
01
00
02
00
05
11
12
13
15
18
14
16
04
08
09
06
07
07
09
07
08
07
06
08
07
12
13
18
22
17
16
14
11
12
13
16
15
19
20
01
00
02
00
05
11
12
13
15
18
14
16
04
08
09
06
07
07
09
07
08
07
06
08
07
12
13
18
22
17
16
14
11
12
13
16
15
19
20
01
00
02
00
05
11
12
13
15
18
14
16
04
08
09
06
07
07
09
07
08
07
06
08
07
12
13
18
22
17
16
14
11
12
13
16
15
19
20
01
00
02
00
05
11
12
13
15
18
14
16
04
08
09
06
07
07
09
07
08
07
06
08
07
12
13
18
22
17
16
14
11
12
13
16
15
19
20
01
00
02
00
05
11
12
13
15
18
14
16
04
08
09
06
07
07
09
07
08
07
06
08
07
12
13
18
22
17
16
14
11
12
13
16
15
19
20
01
00
02
00
05
11
12
13
15
18
14
16
04
08
09
06
07
07
09
07
08
07
06
08
07
12
13
18
22
17
16
14
11
12
13
16
15
19
20
01
00
02
00
05
11
12
13
15
18
14
16
04
08
09
06
07
07
09
07
08
07
06
08
07
12
13
18
22
17
16
14
11
12
13
16
15
19
20
01
00
02
00
05
11
12
13
15
18
14
16
04
08
09
06
07
07
09
07
08
07
06
08
07
12
13
18
22
17
16
14
11
12
13
16
15
19
20
01
00
02
00
05
11
12
13
15
18
14
16
04
08
09
06
07
07
09
07
08
07
06
08
07
12
13
18
22
17
16
14
11
12
13
16
15
19
20
01
00
02
00
05
11
12
13
15
18
14
16
04
08
09
06
07
07
09
07
08
07
06
08
07
12
13
18
22
17
16
14
11
12
13
16
15
19
20

8
0
0
0
3
3
4
4
4
4
4
4
4
4
4
4
4
4
4
4
4
4
4
22
23
0
0
0
0
0
1
